[
    [
        [
            -0.33682381257597327,
            0.6944434219817419,
            -0.6358443622051501
        ],
        [
            -0.09098254547635526,
            0.6481392281190691,
            0.756067270414386
        ],
        [
            0.937161616638469,
            0.312512199185097,
            -0.15512649567390402
        ]
    ],
    [
        [
            -0.366721210498572,
            0.683846945333638,
            -0.6307685067664006
        ],
        [
            -0.07335496095036559,
            0.6546391663883225,
            0.7523739838234524
        ],
        [
            0.9274344200397313,
            0.3221814972779391,
            -0.18990650156672584
        ]
    ],
    [
        [
            -0.39630042193330905,
            0.6723717789272641,
            -0.6251897043919289
        ],
        [
            -0.05573981211929235,
            0.6620690395590272,
            0.7473671522098715
        ],
        [
            0.9164273287721111,
            0.3310298744215898,
            -0.224900363094503
        ]
    ],
    [
        [
            -0.4255383968080746,
            0.6599930250849313,
            -0.6191334910027515
        ],
        [
            -0.03819539920486681,
            0.6704614585036399,
            0.7409605550505052
        ],
        [
            0.9041339415825478,
            0.33895521754416635,
            -0.26009839710769556
        ]
    ],
    [
        [
            -0.4544131626200698,
            0.6466816262626613,
            -0.6126267639369887
        ],
        [
            -0.02078513172404023,
            0.6798487998201477,
            0.7330576973760792
        ],
        [
            0.8905485140837872,
            0.3458445946337525,
            -0.2954908804443461
        ]
    ],
    [
        [
            -0.48290385870316666,
            0.6324035263556924,
            -0.6056976499066811
        ],
        [
            -0.003578327368333578,
            0.6902626835512367,
            0.7235500143527676
        ],
        [
            0.8756660658166653,
            0.3515724783732797,
            -0.3310675665595053
        ]
    ],
    [
        [
            -0.5109907491100718,
            0.6171186690200849,
            -0.5983753025240984
        ],
        [
            0.013348827153285003,
            0.7017332264879561,
            0.7123147391823607
        ],
        [
            0.8594825554585498,
            0.35599863369075113,
            -0.36681699752432273
        ]
    ],
    [
        [
            -0.5386552037375527,
            0.6007797986613901,
            -0.5906896012347227
        ],
        [
            0.029912118913576313,
            0.7142879876917229,
            0.6992123681553476
        ],
        [
            0.8419951523782998,
            0.35896560303138936,
            -0.40272553831580526
        ]
    ],
    [
        [
            -0.5658796329024747,
            0.5833310225699931,
            -0.5826707124728391
        ],
        [
            0.046017913636592245,
            0.7279504918273582,
            0.6840836447926835
        ],
        [
            0.8232026437583245,
            0.36029571126472404,
            -0.43877603370461205
        ]
    ],
    [
        [
            -0.5926473542664941,
            0.5647060844317766,
            -0.5743484584175846
        ],
        [
            0.0615614728142892,
            0.7427381728668379,
            0.6667459723398161
        ],
        [
            0.803106031944637,
            0.35978749946623,
            -0.47494595132707196
        ]
    ],
    [
        [
            -0.6189423619885321,
            0.5448262903402901,
            -0.5657514170464751
        ],
        [
            0.07642492414762606,
            0.7586595209061188,
            0.6469891516150236
        ],
        [
            0.7817093983732614,
            0.3572114845473705,
            -0.5112048237276103
        ]
    ],
    [
        [
            -0.6447489550775705,
            0.5235980191310816,
            -0.556905646665923
        ],
        [
            0.09047481708484889,
            0.7757101315173218,
            0.6245703317760478
        ],
        [
            0.7590211409439434,
            0.3523051322694391,
            -0.5475107317457519
        ]
    ],
    [
        [
            -0.6700511634518902,
            0.5009097407877197,
            -0.5478328850486713
        ],
        [
            0.10355918710537865,
            0.7938672408489943,
            0.5992080595860494
        ],
        [
            0.7350557347050932,
            0.34476692923014635,
            -0.583805473926353
        ]
    ],
    [
        [
            -0.6948318835577127,
            0.4766284627512417,
            -0.5385480127964722
        ],
        [
            0.11550404865219896,
            0.8130821679314678,
            0.5705753262600958
        ],
        [
            0.7098362264188772,
            0.3342494527852701,
            -0.6200079313816524
        ]
    ],
    [
        [
            -0.7190715975786897,
            0.45059552958588345,
            -0.5290554850607345
        ],
        [
            0.12610924194257367,
            0.8332698604770319,
            0.5382915554950285
        ],
        [
            0.683397758741058,
            0.3203513826063579,
            -0.6560049504461793
        ]
    ],
    [
        [
            -0.7427464957551895,
            0.4226217267745753,
            -0.519344316519844
        ],
        [
            0.13514358450153793,
            0.8542944300429339,
            0.5019135765903274
        ],
        [
            0.6557925393075644,
            0.3026084976594262,
            -0.6916388093021117
        ]
    ],
    [
        [
            -0.765825744399558,
            0.392481702250723,
            -0.509381038725664
        ],
        [
            0.14233934091942435,
            0.8759491382970299,
            0.4609258282449732
        ],
        [
            0.627096835617503,
            0.2804839041996269,
            -0.7266899877137758
        ]
    ],
    [
        [
            -0.7882675341562528,
            0.359907851246512,
            -0.49909982288750493
        ],
        [
            0.14738615636332014,
            0.8979287291020999,
            0.41473041649429887
        ],
        [
            0.5974208027074945,
            0.2533581182125536,
            -0.7608534999775753
        ]
    ],
    [
        [
            -0.8100133948762385,
            0.324584065506384,
            -0.48838866135529624
        ],
        [
            0.1499248548393896,
            0.9197912692208859,
            0.36263833080139185
        ],
        [
            0.5669222504210422,
            0.22052030628579122,
            -0.7937064674633574
        ]
    ],
    [
        [
            -0.8309800675764669,
            0.2861402187262988,
            -0.47707012327107445
        ],
        [
            0.14954197400461025,
            0.9409057753181984,
            0.30386431179667095
        ],
        [
            0.5358258348581345,
            0.18116317837829476,
            -0.8246639179074466
        ]
    ],
    [
        [
            -0.8510479820239909,
            0.24414909678812388,
            -0.46487476897593716
        ],
        [
            0.14576674504406686,
            0.9603809701965137,
            0.23752988890592464
        ],
        [
            0.5044495894855556,
            0.13438605069703552,
            -0.8529191058042391
        ]
    ],
    [
        [
            -0.8700451294882876,
            0.19812891976685149,
            -0.4514049222214235
        ],
        [
            0.1380736645333469,
            0.9769698469734601,
            0.16268245531398517
        ],
        [
            0.4732410969221097,
            0.0792139460996264,
            -0.877364243018419
        ]
    ],
    [
        [
            -0.8877249395769933,
            0.14755698400013662,
            -0.43608642277168164
        ],
        [
            0.12589618651778733,
            0.9889451112337786,
            0.07834358421139441
        ],
        [
            0.44282567887747537,
            0.014645935941167032,
            -0.8964881006946526
        ]
    ],
    [
        [
            -0.9037369083411266,
            0.09190369660251022,
            -0.418106817754526
        ],
        [
            0.10866080713466703,
            0.9939437235788273,
            -0.016392173470850684
        ],
        [
            0.414068145955307,
            -0.060246036459251945,
            -0.9082499576636853
        ]
    ],
    [
        [
            -0.9175897086218954,
            0.03070169603718888,
            -0.39634143423521384
        ],
        [
            0.08585623533437656,
            0.9887880374340379,
            -0.12217579089800037
        ],
        [
            0.38814666491597527,
            -0.14613563182120856,
            -0.9099376591980481
        ]
    ],
    [
        [
            -0.9286093640160686,
            -0.03632853583653745,
            -0.36927616568855554
        ],
        [
            0.057159055059841306,
            0.9693123148425385,
            -0.23909512483374784
        ],
        [
            0.36662991079061474,
            -0.24313344849808888,
            -0.8980359874387487
        ]
    ],
    [
        [
            -0.9359014764949842,
            -0.10906972388052069,
            -0.33495107348257797
        ],
        [
            0.022642725190028995,
            0.9302652818312405,
            -0.36618821992987616
        ],
        [
            0.351533402808998,
            -0.35030030081641306,
            -0.8681670150135015
        ]
    ],
    [
        [
            -0.9383385372838287,
            -0.1866921063431346,
            -0.2909756809034447
        ],
        [
            -0.01690667719511864,
            0.8654295885787961,
            -0.5007452361017096
        ],
        [
            0.34530414667982146,
            -0.46494912048685555,
            -0.8152222774459945
        ]
    ],
    [
        [
            -0.93461156112982,
            -0.2672362905079707,
            -0.2347040579922173
        ],
        [
            -0.059573262717611875,
            0.7681906586472981,
            -0.637443439323214
        ],
        [
            0.3506454850296137,
            -0.5817799214501727,
            -0.7338800084658066
        ]
    ],
    [
        [
            -0.923403230154654,
            -0.3471784691621944,
            -0.1636874616155896
        ],
        [
            -0.10187649666612228,
            0.6328465485620349,
            -0.7675457155115643
        ],
        [
            0.3700643916496121,
            -0.6920782878571735,
            -0.6197418732905602
        ]
    ],
    [
        [
            -0.9037349928465417,
            -0.4212031124668507,
            -0.07649183455043318
        ],
        [
            -0.13854384165870928,
            0.4568343373368581,
            -0.8786967578001174
        ],
        [
            0.4050539058484683,
            -0.7835115355106325,
            -0.47121227390494114
        ]
    ],
    [
        [
            -0.8754728327779624,
            -0.48255625227083077,
            0.026206534720751906
        ],
        [
            -0.16286399310108748,
            0.24354984557106496,
            -0.9561165161597635
        ],
        [
            0.4549974052881055,
            -0.8413221357581439,
            -0.29181231136546226
        ]
    ],
    [
        [
            -0.8398224055017727,
            -0.5243168328300674,
            0.14067759604237084
        ],
        [
            -0.16795818145655889,
            0.0045342121755092,
            -0.9857836934144081
        ],
        [
            0.5162251219177724,
            -0.8515111859106687,
            -0.09187123472549108
        ]
    ],
    [
        [
            -0.7994834954398911,
            -0.5414666652641826,
            0.2600768942579958
        ],
        [
            -0.14885007870492975,
            -0.2408816191615315,
            -0.9590723119867683
        ],
        [
            0.581953429914057,
            -0.8054749505464429,
            0.11198352313382132
        ]
    ],
    [
        [
            -0.7581788021849913,
            -0.5328676579694123,
            0.37578845512804226
        ],
        [
            -0.10444298130439422,
            -0.46963411723592197,
            -0.8766615422067301
        ],
        [
            0.6436276622190636,
            -0.7039146645852932,
            0.3004123456321248
        ]
    ],
    [
        [
            -0.7196474209446462,
            -0.5019026609398984,
            0.4797929850145546
        ],
        [
            -0.03816060756257872,
            -0.6613719805753782,
            -0.7490866914718644
        ],
        [
            0.6932902404896395,
            -0.5573874973941007,
            0.45680172962737553
        ]
    ],
    [
        [
            -0.6866232094479363,
            -0.45527128629380176,
            0.5668126887463081
        ],
        [
            0.043257128107516,
            -0.8038476965233612,
            -0.5932602309796216
        ],
        [
            0.7257254226739767,
            -0.38282755474298225,
            0.5716342136490704
        ]
    ],
    [
        [
            -0.6603343774888581,
            -0.4007152322546289,
            0.635126611429192
        ],
        [
            0.13202883683957956,
            -0.8945136469104897,
            -0.42709919425549314
        ],
        [
            0.7392745742612801,
            -0.19817325281183285,
            0.6435840782064004
        ]
    ],
    [
        [
            -0.6406417822356774,
            -0.3449890293292014,
            0.6859742535229674
        ],
        [
            0.22136095404634884,
            -0.9384328590319351,
            -0.2652227311390196
        ],
        [
            0.7352397125275452,
            -0.018064847955239202,
            0.677566399986575
        ]
    ],
    [
        [
            -0.6265390114401705,
            -0.292844735220675,
            0.7222816820306988
        ],
        [
            0.30646308864946314,
            -0.9446447493039687,
            -0.11716088471781133
        ],
        [
            0.7166095467121507,
            0.14794681025950424,
            0.6816028894415296
        ]
    ],
    [
        [
            -0.6166734794126885,
            -0.24697497336341512,
            0.7474738673165702
        ],
        [
            0.38460502787271345,
            -0.922998854756796,
            0.012332341735171004
        ],
        [
            0.6868717437222749,
            0.29508723566054856,
            0.6641767317710983
        ]
    ],
    [
        [
            -0.6097069739252037,
            -0.20846609151774748,
            0.7647217105812302
        ],
        [
            0.4546636211128529,
            -0.8822694948682583,
            0.12198987688104967
        ],
        [
            0.6492598844711698,
            0.42206922075913056,
            0.6327078119513486
        ]
    ],
    [
        [
            -0.6044955902891083,
            -0.17736095603970883,
            0.7766132709358625
        ],
        [
            0.51656002722839,
            -0.829423581459805,
            0.21265526278037636
        ],
        [
            0.6064246198752355,
            0.529716540983068,
            0.5930004777553799
        ]
    ],
    [
        [
            -0.6001425096364543,
            -0.1531263434196565,
            0.7850995421462086
        ],
        [
            0.5707923636049791,
            -0.7695932520733411,
            0.28622072603748216
        ],
        [
            0.5603793766525518,
            0.6199020481609231,
            0.5492689731892663
        ]
    ],
    [
        [
            -0.5959834740627385,
            -0.13497241959655074,
            0.7915719453040022
        ],
        [
            0.6181162664486958,
            -0.7063611550701729,
            0.34494376318388054
        ],
        [
            0.5125777792644104,
            0.6948642777954446,
            0.5044082232162566
        ]
    ],
    [
        [
            -0.5915462857548113,
            -0.12204395273502244,
            0.7969807183429802
        ],
        [
            0.6593537165763372,
            -0.6421222632179628,
            0.39106479708202646
        ],
        [
            0.4640319689920645,
            0.7568251268824568,
            0.4603151736285681
        ]
    ],
    [
        [
            -0.5865064465382486,
            -0.11352172800927657,
            0.8019495030479552
        ],
        [
            0.6952916621174459,
            -0.5784131874571639,
            0.4266235918999335
        ],
        [
            0.41542712087565226,
            0.8078062898030873,
            0.41817377416037926
        ]
    ],
    [
        [
            -0.5806483044665391,
            -0.10866841392403309,
            0.8068697059224392
        ],
        [
            0.7266361885571007,
            -0.5161739509669769,
            0.4533919957634302
        ],
        [
            0.367215734956086,
            0.8495620213724078,
            0.37867793154907803
        ]
    ],
    [
        [
            -0.5738343068756262,
            -0.10684310272749564,
            0.8119721298493772
        ],
        [
            0.7539980135262249,
            -0.45594162540726835,
            0.4728680892378836
        ],
        [
            0.3196891988339281,
            0.88357330517651,
            0.3421944338068347
        ]
    ],
    [
        [
            -0.5659819774726829,
            -0.10749972975477529,
            0.8173788652019099
        ],
        [
            0.7778941014622023,
            -0.397987555412481,
            0.48629895398521117
        ],
        [
            0.2730296102740958,
            0.9110706415198813,
            0.30887718930689523
        ]
    ],
    [
        [
            -0.5570472304389127,
            -0.1101781897287265,
            0.8231398116774793
        ],
        [
            0.7987565800770292,
            -0.3424119729369377,
            0.4947140250418226
        ],
        [
            0.2273462312069055,
            0.9330674184095881,
            0.27874519522044183
        ]
    ],
    [
        [
            -0.5470125170221167,
            -0.11449293699174706,
            0.8292579053588409
        ],
        [
            0.8169441716240382,
            -0.2892080095095446,
            0.4989598658058993
        ],
        [
            0.18270064770175926,
            0.9503947046435659,
            0.25173473879229824
        ]
    ],
    [
        [
            -0.5358785104763808,
            -0.12012148657725341,
            0.8357063183152833
        ],
        [
            0.832753722021006,
            -0.2383043807967613,
            0.4997321888304102
        ],
        [
            0.1391239033012514,
            0.9637332880810656,
            0.22773381166326923
        ]
    ],
    [
        [
            -0.523658320598557,
            -0.12679391156552133,
            0.8424400674575097
        ],
        [
            0.8464307323523722,
            -0.18959348376437335,
            0.4976035834311435
        ],
        [
            0.09662804249970808,
            0.9736414200844185,
            0.20660446872870786
        ]
    ],
    [
        [
            -0.5103734909512658,
            -0.13428373119009895,
            0.8494037787012039
        ],
        [
            0.85817849825371,
            -0.14294963885163603,
            0.4930467177531904
        ],
        [
            0.05521381049362195,
            0.9805780337585849,
            0.1881971169835559
        ]
    ],
    [
        [
            -0.49605124162951975,
            -0.14240023417421516,
            0.8565368287382273
        ],
        [
            0.8681658126694594,
            -0.098240732229258,
            0.4864533690324646
        ],
        [
            0.014875731571511508,
            0.9849217897062623,
            0.17235945222709614
        ]
    ],
    [
        [
            -0.4807225777861408,
            -0.1509821229460323,
            0.8637767082743995
        ],
        [
            0.8765333463077288,
            -0.055335469226459155,
            0.4781498495828088
        ],
        [
            -0.024394589917088316,
            0.9869865168259376,
            0.15894187486807965
        ]
    ],
    [
        [
            -0.46442099809336,
            -0.15989230562829743,
            0.8710611844932792
        ],
        [
            0.8833988788677569,
            -0.014107729154558601,
            0.46840942859136797
        ],
        [
            -0.06260636824762705,
            0.9870336481493267,
            0.14780060918640936
        ]
    ],
    [
        [
            -0.44718161786847976,
            -0.16901365344777375,
            0.8783296565576988
        ],
        [
            0.8888615633762358,
            0.02556097876705221,
            0.4574623017438974
        ],
        [
            -0.09976834063410789,
            0.9852822038952629,
            0.13879934039616493
        ]
    ],
    [
        [
            -0.4290405784790967,
            -0.17824555480264265,
            0.885523971562272
        ],
        [
            0.8930053923616352,
            0.0637802906866819,
            0.44550358442212756
        ],
        [
            -0.13588800988815475,
            0.9819167972455813,
            0.13180990879147247
        ]
    ],
    [
        [
            -0.4100346537021946,
            -0.18750111900573863,
            0.8925888824844932
        ],
        [
            0.8959020128346776,
            0.10065054939927287,
            0.4326997230232498
        ],
        [
            -0.1709712436700796,
            0.9770940575385871,
            0.1267124167581296
        ]
    ],
    [
        [
            -0.3902009912107358,
            -0.1967049063066187,
            0.8994722709973126
        ],
        [
            0.8976130134484466,
            0.13626285626085433,
            0.4191936450992937
        ],
        [
            -0.2050221074571174,
            0.9709477915102016,
            0.12339498213178712
        ]
    ],
    [
        [
            -0.36957694624994986,
            -0.205791082659941,
            0.9061252182221895
        ],
        [
            0.8981917853528318,
            0.17069941850856507,
            0.40510890541375405
        ],
        [
            -0.2380428480867543,
            0.963593139669688,
            0.12175329012498726
        ]
    ],
    [
        [
            -0.3481999776985334,
            -0.21470191676673817,
            0.9125019794320612
        ],
        [
            0.8976850391997848,
            0.20403406384234857,
            0.3905530324922053
        ],
        [
            -0.2700339718028493,
            0.9551299323802314,
            0.12169004208937118
        ]
    ],
    [
        [
            -0.3261075858338718,
            -0.2233865529113645,
            0.9185599003004551
        ],
        [
            0.896134044761425,
            0.23633283900144508,
            0.37562023777885717
        ],
        [
            -0.30099437915205696,
            0.9456454077443062,
            0.1231143636257469
        ]
    ],
    [
        [
            -0.30333727746174755,
            -0.2318000062380633,
            0.9242592997693494
        ],
        [
            0.893575646503553,
            0.26765463903360576,
            0.3603936156198486
        ],
        [
            -0.3309215316020574,
            0.9352164195050383,
            0.1259412109292446
        ]
    ],
    [
        [
            -0.27992654848893883,
            -0.2399023377290594,
            0.9295633360902319
        ],
        [
            0.8900430978403999,
            0.2980518339142998,
            0.3449469354654226
        ],
        [
            -0.35981163327181787,
            0.9239112363492796,
            0.1300907987130978
        ]
    ],
    [
        [
            -0.25591287710365407,
            -0.24765797467217399,
            0.9344378668021784
        ],
        [
            0.8855667482730479,
            0.32757087241551486,
            0.329346106547562
        ],
        [
            -0.38765981696021723,
            0.9117910128566824,
            0.13548806289911808
        ]
    ],
    [
        [
            -0.23133372287929532,
            -0.2550351492060812,
            0.9388513094884818
        ],
        [
            0.8801746108143413,
            0.3562528518392951,
            0.3136503786610054
        ],
        [
            -0.41446032757868173,
            0.8989109957197103,
            0.14206216469408994
        ]
    ],
    [
        [
            -0.20622652862567525,
            -0.2620054329541637,
            0.942774507500868
        ],
        [
            0.8738928316824517,
            0.38413404791985895,
            0.29791332961572803
        ],
        [
            -0.44020669875074514,
            0.8853215157959308,
            0.14974603849105972
        ]
    ],
    [
        [
            -0.18062872286545262,
            -0.26854335007283264,
            0.9461806030603541
        ],
        [
            0.8667460799329583,
            0.41124640284777847,
            0.2821836796585029
        ],
        [
            -0.4648919201242858,
            0.8710688062813539,
            0.15847598343828606
        ]
    ],
    [
        [
            -0.1545777215455455,
            -0.2746260544664683,
            0.949044918963253
        ],
        [
            0.8587578712724147,
            0.43761797165128125,
            0.2665059650654917
        ],
        [
            -0.48850859412036757,
            0.8561956792089052,
            0.16819129696432877
        ]
    ],
    [
        [
            -0.12811092810997016,
            -0.2802330596652791,
            0.95134484934194
        ],
        [
            0.8499508375572913,
            0.46327332855387016,
            0.25092109673416674
        ],
        [
            -0.5110490816296037,
            0.8407420860889826,
            0.17883394768411487
        ]
    ],
    [
        [
            -0.10126573141099682,
            -0.2853460120351595,
            0.9530597594366402
        ],
        [
            0.8403469513072578,
            0.48823393569872975,
            0.23546682454376866
        ],
        [
            -0.5325056366559825,
            0.8247455834666587,
            0.19034828468322895
        ]
    ],
    [
        [
            -0.0740795011843014,
            -0.2899484997438009,
            0.9541708940229753
        ],
        [
            0.829967712812036,
            0.5125184770209397,
            0.2201781242578248
        ],
        [
            -0.5528705302273241,
            0.8082417201607793,
            0.20268078004019463
        ]
    ],
    [
        [
            -0.04658958097777233,
            -0.2940258913002365,
            0.9546612939621134
        ],
        [
            0.8188343060170067,
            0.5361431601769884,
            0.20508752054934776
        ],
        [
            -0.5721361640675778,
            0.7912643597689293,
            0.21577980147711662
        ]
    ],
    [
        [
            -0.018833278537430997,
            -0.297565198614544,
            0.9545157202440504
        ],
        [
            0.8069677282467407,
            0.5591219894173226,
            0.19022535719064831
        ],
        [
            -0.5902951746269198,
            0.7738459494779968,
            0.2295954121681698
        ]
    ],
    [
        [
            0.009152146273030515,
            -0.3005549604301596,
            0.9537205848567086
        ],
        [
            0.7943888979209803,
            0.5814670121653845,
            0.17562002341234018
        ],
        [
            -0.607340528104693,
            0.7560177441861308,
            0.24407919492907804
        ]
    ],
    [
        [
            0.03732949589704038,
            -0.3029851427039516,
            0.9522638878151048
        ],
        [
            0.7811187436897629,
            0.6031885418888968,
            0.1612981437911577
        ],
        [
            -0.6232656070990914,
            0.7378099933144119,
            0.25918409822515764
        ]
    ],
    [
        [
            0.06566165169475646,
            -0.3048470531740163,
            0.9501351596840497
        ],
        [
            0.7671782777939015,
            0.6242953596665288,
            0.14728473777015305
        ],
        [
            -0.6380642895335076,
            0.7192520963264256,
            0.2748643017056641
        ]
    ],
    [
        [
            0.0941115925896695,
            -0.3061332676406261,
            0.9473254090247496
        ],
        [
            0.7525886560521253,
            0.6447948965903942,
            0.13360335367287268
        ],
        [
            -0.6517310203771891,
            0.7003727320324912,
            0.2910750990783175
        ]
    ],
    [
        [
            0.12264241555284516,
            -0.3068375662051605,
            0.9438270741362833
        ],
        [
            0.7373712263551524,
            0.6646933990255091,
            0.1202761814966451
        ],
        [
            -0.664260876802828,
            0.6811999656908455,
            0.3077727965430491
        ]
    ],
    [
        [
            0.15121735777074663,
            -0.306954877715364,
            0.9396339786084686
        ],
        [
            0.7215475673521586,
            0.6839960784617564,
            0.10732414778194654
        ],
        [
            -0.6756496272159236,
            0.6617613374137876,
            0.3249146250129392
        ]
    ],
    [
        [
            0.17979982031776054,
            -0.3064812311199506,
            0.9347412901893765
        ],
        [
            0.7051395186751573,
            0.702707247562038,
            0.0947669954485838
        ],
        [
            -0.6858937846461858,
            0.6420839346962233,
            0.34245866464253416
        ]
    ],
    [
        [
            0.2083533931696956,
            -0.3054137125953219,
            0.9291454825340413
        ],
        [
            0.6881692038539036,
            0.7208304438231159,
            0.08262335096602058
        ],
        [
            -0.6949906549168547,
            0.6221944514510812,
            0.3603637803133515
        ]
    ],
    [
        [
            0.23684188140036588,
            -0.3037504274914563,
            0.9228442994424858
        ],
        [
            0.6706590468925772,
            0.7383685421126532,
            0.0709107808416668
        ],
        [
            -0.7029383799707304,
            0.6021192355482363,
            0.378589566875439
        ]
    ],
    [
        [
            0.26522933241121394,
            -0.3014904663006622,
            0.9158367212328358
        ],
        [
            0.6526317833294266,
            0.7553238572073265,
            0.059645839097950015
        ],
        [
            -0.7097359766962317,
            0.5818843265317046,
            0.3970963030799838
        ]
    ],
    [
        [
            0.2934800640519516,
            -0.29863387397118313,
            0.9081229329342069
        ],
        [
            0.634110466479058,
            0.7716982373307635,
            0.04884410714000348
        ],
        [
            -0.7153833715608533,
            0.5615154849312316,
            0.41584491325092576
        ]
    ],
    [
        [
            0.3215586934982996,
            -0.29518162199600223,
            0.8997042940163595
        ],
        [
            0.615118469453563,
            0.7874931495787681,
            0.03852022720101583
        ],
        [
            -0.7198814313293354,
            0.5410382143641252,
            0.4347969358504108
        ]
    ],
    [
        [
            0.3494301667608304,
            -0.2911355827930478,
            0.8905833094041515
        ],
        [
            0.5956794834736443,
            0.8027097580194752,
            0.028687930369545256
        ],
        [
            -0.7232319901152537,
            0.5204777774430605,
            0.4539144981842521
        ]
    ],
    [
        [
            0.3770597887062621,
            -0.28649850596539617,
            0.8807636015528711
        ],
        [
            0.5758175129095413,
            0.817348995167604,
            0.019360060051000744
        ],
        [
            -0.7254378729894512,
            0.4998592063552536,
            0.47316029657446623
        ]
    ],
    [
        [
            0.404413253479586,
            -0.28127399609182924,
            0.8702498833855651
        ],
        [
            0.5555568674315682,
            0.8314116274536413,
            0.010548591588954132
        ],
        [
            -0.7265029163463,
            0.4792073088522557,
            0.49249758139802036
        ]
    ],
    [
        [
            0.4314566752217346,
            -0.27546649174926474,
            0.859047931916467
        ],
        [
            0.5349221515996991,
            0.8448983152393976,
            0.0022646486650148012
        ],
        [
            -0.7264319852089081,
            0.45854667028447577,
            0.5118901464537728
        ]
    ],
    [
        [
            0.45815661898497106,
            -0.26908124551767376,
            0.8471645624026759
        ],
        [
            0.5139382521793294,
            0.8578096678699147,
            -0.005481482989347447
        ],
        [
            -0.7252309876357436,
            0.43790165222292077,
            0.5313023221794915
        ]
    ],
    [
        [
            0.4844801317508707,
            -0.26212430474334225,
            0.8346076028898122
        ],
        [
            0.49263032343457347,
            0.8701462941975471,
            -0.012680344120859471
        ],
        [
            -0.7229068863770813,
            0.4172963881428826,
            0.5506989722811348
        ]
    ],
    [
        [
            0.5103947734646332,
            -0.25460249288329456,
            0.8213858690272176
        ],
        [
            0.471023770620064,
            0.8819088489660077,
            -0.01932329232581001
        ],
        [
            -0.7194677079138736,
            0.39675477657246083,
            0.5700454933916184
        ]
    ],
    [
        [
            0.5358686480015025,
            -0.24652339126914058,
            0.8075091390481002
        ],
        [
            0.4491442318666561,
            0.8930980753998726,
            -0.025402493931795916
        ],
        [
            -0.7149225490009063,
            0.37630047206216166,
            0.5893078174060149
        ]
    ],
    [
        [
            0.5608704339865933,
            -0.23789532115677148,
            0.7929881288212371
        ],
        [
            0.42701755863445556,
            0.9037148443076317,
            -0.030910917099015722
        ],
        [
            -0.7092815808249638,
            0.3559568742835984,
            0.6084524161778724
        ]
    ],
    [
        [
            0.5853694153937699,
            -0.22872732594850353,
            0.7778344668925409
        ],
        [
            0.4046697948882333,
            0.913760189973247,
            -0.03584232588952127
        ],
        [
            -0.7025560508789824,
            0.3357471155267048,
            0.6274463082916547
        ]
    ],
    [
        [
            0.6093355118522039,
            -0.219029153489242,
            0.7620606694467303
        ],
        [
            0.38212715513410767,
            0.9232353430820857,
            -0.0401912750882229
        ],
        [
            -0.6947582826457893,
            0.31569404683314767,
            0.6462570676512436
        ]
    ],
    [
        [
            0.6327393085932795,
            -0.20881123835478593,
            0.7456801151282226
        ],
        [
            0.3594160014429367,
            0.9321417609012201,
            -0.04395310558701787
        ],
        [
            -0.6859016731774821,
            0.2958202229745515,
            0.6648528336493853
        ]
    ],
    [
        [
            0.6555520859711859,
            -0.19808468405765173,
            0.7287070196729323
        ],
        [
            0.3365628195724583,
            0.9404811549117154,
            -0.047123940172305506
        ],
        [
            -0.6760006886536906,
            0.2761478864625012,
            0.6832023226995277
        ]
    ],
    [
        [
            0.6777458485133896,
            -0.18686124514883742,
            0.7111564102813751
        ],
        [
            0.31359419430394786,
            0.9482555160669127,
            -0.04970067954797826
        ],
        [
            -0.6650708579705799,
            0.2566989507382122,
            0.7012748409633541
        ]
    ],
    [
        [
            0.6992933533980683,
            -0.17515330907183213,
            0.6930440997616757
        ],
        [
            0.2905367840582649,
            0.9554671378436553,
            -0.05168099853848078
        ],
        [
            -0.6531287644885696,
            0.23749498273024744,
            0.7190402980192376
        ]
    ],
    [
        [
            0.7201681383626876,
            -0.16297387785792583,
            0.6743866603241576
        ],
        [
            0.2674172949190529,
            0.9621186372194679,
            -0.05306334227251716
        ],
        [
            -0.6401920359278123,
            0.2185571848530812,
            0.7364692214096248
        ]
    ],
    [
        [
            0.740344548946132,
            -0.15033654953379164,
            0.6552013970681244
        ],
        [
            0.244262454114944,
            0.9682129737129135,
            -0.0538469223237692
        ],
        [
            -0.6262793325310146,
            0.1999063766073283,
            0.7535327718395769
        ]
    ],
    [
        [
            0.7597977650311242,
            -0.1372554992539962,
            0.6355063211158838
        ],
        [
            0.2210989830477977,
            0.9737534666012286,
            -0.054031712700224346
        ],
        [
            -0.6114103335313676,
            0.18156297586960335,
            0.7702027589176993
        ]
    ],
    [
        [
            0.7785038266356614,
            -0.12374546013242363,
            0.6153201223836635
        ],
        [
            0.1979535699358704,
            0.9787438104219625,
            -0.053618445616615704
        ],
        [
            -0.5956057219866817,
            0.16354697997001433,
            0.7864516573060364
        ]
    ],
    [
        [
            0.7964396589078446,
            -0.10982170375910857,
            0.5946621419782856
        ],
        [
            0.17485284213897476,
            0.9831880888551349,
            -0.052608606988877184
        ],
        [
            -0.5788871680342196,
            0.14587794664319195,
            0.802252623160864
        ]
    ],
    [
        [
            0.8135830962787907,
            -0.0955000203905661,
            0.5735523442152577
        ],
        [
